0.000000 1.000000 1.000000 0.000000 1000 -1 1 0 1 0.000000
0.000000 0.000000 1.000000 0.000000 1000 -1 1 0 0 0.000000
0.000000 0.000000 1.000000 0.000000 1000 -1 1 0 0 0.000000
0.000000 0.000000 1.000000 0.000000 1000 -1 1 0 0 0.000000
0.000000 0.000000 1.000000 0.000000 1000 -1 1 0 0 0.000000
0.000000 0.000000 1.000000 0.000000 1000 -1 1 0 0 0.000000
0.000000 0.000000 1.000000 0.000000 1000 -1 1 0 0 0.000000
0.000000 0.000000 1.000000 0.000000 1000 -1 1 0 0 0.000000
0.000000 0.000000 1.000000 0.000000 1000 -1 1 0 0 0.000000
0.000000 0.000000 1.000000 0.000000 1000 -1 1 0 0 0.000000
0.000000 0.000000 1.000000 0.000000 1000 -1 1 0 0 0.000000
0.000000 0.000000 1.000000 0.000000 1000 -1 1 0 0 0.000000
0.000000 0.000000 1.000000 0.000000 1000 -1 1 0 0 0.000000
0.000000 0.000000 1.000000 0.000000 1000 -1 1 0 0 0.000000
0.000000 0.000000 1.000000 0.000000 1000 -1 1 0 0 0.000000
0.000000 0.000000 1.000000 0.000000 1000 -1 1 0 0 0.000000
0.000000 0.000000 1.000000 0.000000 1000 -1 1 0 0 0.000000
0.000000 0.000000 1.000000 0.000000 1000 -1 1 0 0 0.000000
0.000000 0.000000 1.000000 0.000000 1000 -1 1 0 0 0.000000
0.000000 0.000000 1.000000 0.000000 1000 -1 1 0 0 0.000000
0.000000 0.000000 1.000000 0.000000 1000 -1 1 0 0 0.000000
0.000000 0.000000 1.000000 0.000000 1000 -1 1 0 0 0.000000
0.000000 0.000000 1.000000 0.000000 1000 -1 1 0 0 0.000000
0.000000 0.000000 1.000000 0.000000 1000 -1 1 0 0 0.000000
0.000000 0.000000 1.000000 0.000000 1000 -1 1 0 0 0.000000
0.000000 0.000000 1.000000 0.000000 1000 -1 1 0 0 0.000000
0.000000 0.000000 1.000000 0.000000 1000 -1 1 0 0 0.000000
0.000000 0.000000 1.000000 0.000000 1000 -1 1 0 0 0.000000
0.000000 0.000000 1.000000 0.000000 1000 -1 1 0 0 0.000000
0.000000 0.000000 1.000000 0.000000 1000 -1 1 0 0 0.000000
0.000000 0.000000 1.000000 0.000000 1000 -1 1 0 0 0.000000
0.000000 0.000000 1.000000 0.000000 1000 -1 1 0 0 0.000000
0.000000 0.000000 1.000000 0.000000 1000 -1 1 0 0 0.000000
0.000000 0.000000 1.000000 0.000000 1000 -1 1 0 0 0.000000
0.000000 0.000000 1.000000 0.000000 1000 -1 1 0 0 0.000000
0.000000 0.000000 1.000000 0.000000 1000 -1 1 0 0 0.000000
0.000000 0.000000 1.000000 0.000000 1000 -1 1 0 0 0.000000
0.000000 0.000000 1.000000 0.000000 1000 -1 1 0 0 0.000000
0.000000 0.000000 1.000000 0.000000 1000 -1 1 0 0 0.000000
0.000000 0.000000 1.000000 0.000000 1000 -1 1 0 0 0.000000
0.000000 0.000000 1.000000 0.000000 1000 -1 1 0 0 0.000000
0.000000 0.000000 1.000000 0.000000 1000 -1 1 0 0 0.000000
0.000000 0.000000 1.000000 0.000000 1000 -1 1 0 0 0.000000
0.000000 0.000000 1.000000 0.000000 1000 -1 1 0 0 0.000000
0.000000 0.000000 1.000000 0.000000 1000 -1 1 0 0 0.000000
0.000000 0.000000 1.000000 0.000000 1000 -1 1 0 0 0.000000
0.000000 0.000000 1.000000 0.000000 1000 -1 1 0 0 0.000000
0.000000 0.000000 1.000000 0.000000 1000 -1 1 0 0 0.000000
0.000000 0.000000 1.000000 0.000000 1000 -1 1 0 0 0.000000
0.000000 0.000000 1.000000 0.000000 1000 -1 1 0 0 0.000000
0.000000 0.000000 1.000000 0.000000 1000 -1 1 0 0 0.000000
0.000000 0.000000 1.000000 0.000000 1000 -1 1 0 0 0.000000
0.000000 0.000000 1.000000 0.000000 1000 -1 1 0 0 0.000000
0.000000 0.000000 1.000000 0.000000 1000 -1 1 0 0 0.000000
0.000000 0.000000 1.000000 0.000000 1000 -1 1 0 0 0.000000
0.000000 0.000000 1.000000 0.000000 1000 -1 1 0 0 0.000000
0.000000 0.000000 1.000000 0.000000 1000 -1 1 0 0 0.000000
0.000000 0.000000 1.000000 0.000000 1000 -1 1 0 0 0.000000
0.000000 0.000000 1.000000 0.000000 1000 -1 1 0 0 0.000000
0.000000 0.000000 1.000000 0.000000 1000 -1 1 0 0 0.000000
0.000000 0.000000 1.000000 0.000000 1000 -1 1 0 0 0.000000
0.000000 0.000000 1.000000 0.000000 1000 -1 1 0 0 0.000000
0.000000 0.000000 1.000000 0.000000 1000 -1 1 0 0 0.000000
0.000000 0.000000 1.000000 0.000000 1000 -1 1 0 0 0.000000
0.000000 0.000000 1.000000 0.000000 1000 -1 1 0 0 0.000000
0.000000 0.200000 7.000000 2000.000000 600 -1 1 0 1 0.000000
0.000000 0.200000 6.000000 2000.000000 500 -1 1 0 1 0.000000
0.000000 0.100000 6.000000 2000.000000 900 -1 1 0 1 0.000000
0.000000 0.000000 1.000000 0.000000 700 -1 1 0 0 0.000000
0.000000 0.000000 1.000000 0.000000 700 -1 1 0 0 0.000000
0.000000 0.200000 6.000000 1.000000 900 -1 1 0 0 0.000000
0.000000 0.300000 5.000000 2000.000000 1100 -1 1 0 0 0.000000
0.000000 0.000000 1.000000 2000.000000 1100 -1 1 0 0 0.000000
0.000000 0.100000 5.000000 2000.000000 800 -1 1 0 1 0.000000
0.000000 5.000000 5.000000 2000.000000 500 -1 1 0 1 0.000000
0.000000 1.000000 3.000000 0.000000 800 -1 1 0 0 0.000000
0.000000 5.000000 3.000000 0.000000 800 -1 1 0 0 0.000000
0.000000 0.080000 1.000000 0.000000 400 -1 1 0 1 0.000000
0.000000 0.100000 7.000000 2000.000000 600 -1 1 0 1 0.000000
0.000000 0.200000 6.000000 2000.000000 500 -1 1 0 1 0.000000
0.000000 0.050000 6.000000 2000.000000 900 -1 1 0 1 0.000000
0.000000 0.000000 1.000000 0.000000 700 -1 1 0 0 0.000000
0.000000 0.000000 1.000000 0.000000 700 -1 1 0 0 0.000000
0.000000 0.200000 6.000000 1.000000 900 -1 1 0 0 0.000000
0.000000 0.300000 5.000000 2000.000000 1100 -1 1 0 0 0.000000
0.000000 0.000000 1.000000 2000.000000 1100 -1 1 0 0 0.000000
0.000000 0.100000 5.000000 2000.000000 800 -1 1 0 1 0.000000
0.000000 5.000000 5.000000 2000.000000 500 -1 1 0 1 0.000000
0.000000 1.000000 3.000000 0.000000 800 -1 1 0 0 0.000000
0.000000 5.000000 3.000000 0.000000 800 -1 1 0 0 0.000000
0.000000 0.080000 1.000000 0.000000 400 -1 1 0 1 0.000000
0.000000 0.000000 1.000000 0.000000 1000 -1 1 0 0 0.000000
0.000000 0.000000 1.000000 0.000000 1000 -1 1 0 0 0.000000
0.000000 0.000000 1.000000 0.000000 1000 -1 1 0 0 0.000000
0.000000 0.000000 1.000000 0.000000 1000 -1 1 0 0 0.000000
0.000000 0.000000 1.000000 0.000000 1000 -1 1 0 0 0.000000
0.000000 0.000000 1.000000 0.000000 1000 -1 1 0 0 0.000000
0.000000 0.000000 1.000000 0.000000 1000 -1 1 0 0 0.000000
0.000000 0.000000 1.000000 0.000000 1000 -1 1 0 0 0.000000
0.000000 0.000000 1.000000 0.000000 1000 -1 1 0 0 0.000000
0.000000 0.000000 1.000000 0.000000 1000 -1 1 0 0 0.000000
0.000000 0.000000 1.000000 0.000000 1000 -1 1 0 0 0.000000
0.000000 0.000000 1.000000 0.000000 1000 -1 1 0 0 0.000000
0.000000 0.000000 1.000000 0.000000 1000 -1 1 0 0 0.000000
0.000000 0.000000 1.000000 0.000000 1000 -1 1 0 0 0.000000
0.000000 0.000000 1.000000 0.000000 1000 -1 1 0 0 0.000000
0.000000 0.000000 1.000000 0.000000 1000 -1 1 0 0 0.000000
0.000000 0.000000 1.000000 0.000000 1000 -1 1 0 0 0.000000
0.000000 0.000000 1.000000 0.000000 1000 -1 1 0 0 0.000000
0.000000 0.000000 1.000000 0.000000 1000 -1 1 0 0 0.000000
0.000000 0.000000 1.000000 0.000000 1000 -1 1 0 0 0.000000
0.000000 0.000000 1.000000 0.000000 1000 -1 1 0 0 0.000000
0.000000 0.000000 1.000000 0.000000 1000 -1 1 0 0 0.000000
0.000000 0.000000 1.000000 0.000000 1000 -1 1 0 0 0.000000
0.000000 0.000000 1.000000 0.000000 1000 -1 1 0 0 0.000000
0.000000 0.000000 1.000000 0.000000 1000 -1 1 0 0 0.000000
0.000000 0.000000 1.000000 0.000000 1000 -1 1 0 0 0.000000
